w1= [  3.45888880e+01  -1.30936176e-04]
w2= [  3.45888880e+01  -1.30936176e-04]
w1= [  2.05919872e+01  -2.35237864e-04]
w2= [  2.05919872e+01  -2.35237864e-04]