w1= [  5.30811216e+01  -1.78227655e-04]
w2= [  5.30811216e+01  -1.78227655e-04]
w1= [  3.19695791e+00  -1.98668658e-04]
w2= [  3.19695791e+00  -1.98668658e-04]