w1= [  5.30811216e+01  -5.94092182e-04]
w2= [  5.30811216e+01  -5.94092182e-04]
w1= [  3.19695791e+00  -6.62228858e-04]
w2= [  3.19695791e+00  -6.62228858e-04]