w1= [  4.66992217e+01  -5.80968586e-04]
w2= [  4.66992217e+01  -5.80968586e-04]
w1= [  5.40543857e+00  -8.56971549e-04]
w2= [  5.40543857e+00  -8.56971549e-04]