w1= [  4.66992217e+01  -1.74290576e-04]
w2= [  4.66992217e+01  -1.74290576e-04]
w1= [  5.40543857e+00  -2.57091465e-04]
w2= [  5.40543857e+00  -2.57091465e-04]